,Job Category,People Employed,State,Year,NAICS Code,Workers per State,Labor Force,Manufacturing Percentage,Incidence Rate,Average Annual Count_x,Death Rate,Average Annual Count_y,Cancer Death_per_hundred_cancer_patient
0,Chemical manufacturing,4185,Oregon,2016,325,92974,2053854,0.2037632665223526,429.8,20790.0,162.8,7933.0,38.15776815776815
1,Chemical manufacturing,20118,Georgia,2016,325,208481,4993511,0.4028828613774957,466.4,49003.0,165.6,16650.0,33.97751158092362
2,Chemical manufacturing,20697,Indiana,2016,325,231759,3295293,0.6280776853530172,457.1,34242.0,178.4,13416.0,39.17995444191344
3,Chemical manufacturing,20305,South Carolina,2016,325,143099,2289830,0.886747051091129,457.3,26730.0,171.8,9942.0,37.19416386083053
4,Chemical manufacturing,21011,Louisiana,2016,325,107111,2089577,1.005514513224447,480.6,24888.0,183.0,9346.0,37.55223400835745
5,Chemical manufacturing,11,District of Columbia,2016,325,840,397720,0.002765764859700292,432.6,2818.0,169.0,1082.0,38.396025550035475
6,Chemical manufacturing,4255,Delaware,2016,325,15705,470075,0.90517470616391,498.4,5803.0,169.6,1989.0,34.275374806134764
7,Chemical manufacturing,6951,Connecticut,2016,325,49562,1887269,0.3683099759493745,472.4,20843.0,145.8,6657.0,31.938780405891666
8,Chemical manufacturing,15439,Massachusetts,2016,325,107215,3587944,0.43030214518398285,449.7,36149.0,155.8,12795.0,35.39516999087112
9,Chemical manufacturing,5141,Arkansas,2016,325,76421,1327435,0.3872882664687913,467.8,16551.0,185.2,6623.0,40.015709020602976
10,Chemical manufacturing,29373,Michigan,2016,325,260972,4831428,0.6079569021829571,449.8,54047.0,170.4,20727.0,38.34995466908431
11,Chemical manufacturing,4892,Mississippi,2016,325,60455,1290731,0.3790100338490359,468.6,15923.0,193.6,6522.0,40.95961816240658
12,Chemical manufacturing,82248,California,2016,325,517711,19192788,0.42853596882328926,404.8,165242.0,145.3,58588.0,35.455876835187176
13,Chemical manufacturing,5032,Washington,2016,325,97028,3661925,0.13741406500679287,451.0,35813.0,157.1,12273.0,34.269678608326586
14,Chemical manufacturing,2486,Idaho,2016,325,28172,805716,0.3085454428111146,440.5,7924.0,154.8,2761.0,34.84351337708228
15,Chemical manufacturing,11901,Alabama,2016,325,128315,2181837,0.5454577954265145,451.9,26110.0,179.0,10332.0,39.571045576407506
16,Chemical manufacturing,371,Montana,2016,325,12495,519979,0.07134903524950047,454.4,5901.0,155.0,2036.0,34.502626673445185
17,Chemical manufacturing,9554,Utah,2016,325,54867,1522330,0.6275906012494006,402.8,10143.0,127.0,3021.0,29.7840875480627
18,Chemical manufacturing,66727,Texas,2016,325,450208,13398817,0.4980066523783406,407.7,107094.0,154.0,38943.0,36.36338170205614
19,Chemical manufacturing,6204,Arizona,2016,325,56602,3252711,0.190733206854221,387.0,30448.0,144.1,11508.0,37.7955859169732
20,Chemical manufacturing,36277,New York,2016,325,230548,9539259,0.3802915928794889,482.9,111527.0,151.0,35491.0,31.82278730710949
21,Chemical manufacturing,166,North Dakota,2016,325,8658,427558,0.03882514185209959,453.8,3725.0,149.8,1283.0,34.442953020134226
22,Chemical manufacturing,1599,New Mexico,2016,325,10553,935358,0.17095058790324133,374.3,9116.0,144.0,3514.0,38.54760860026328
23,Chemical manufacturing,1344,Vermont,2016,325,12215,343843,0.3908760684382116,452.7,3678.0,164.8,1355.0,36.84067427949972
24,Chemical manufacturing,32511,New Jersey,2016,325,161424,4515938,0.7199168810554972,483.3,50921.0,153.5,16407.0,32.22049841911981
25,Chemical manufacturing,35319,Ohio,2016,325,364242,5673884,0.6224836461231847,461.9,64858.0,177.1,25317.0,39.03450615190108
26,Chemical manufacturing,1329,South Dakota,2016,325,17941,451642,0.2942596127020959,456.0,4514.0,160.5,1648.0,36.50863978732831
27,Chemical manufacturing,16567,Florida,2016,325,153757,9922037,0.16697176194767266,451.9,121916.0,152.6,43285.0,35.50395354178286
28,Chemical manufacturing,9540,West Virginia,2016,325,45957,775724,1.2298188530972356,476.0,11653.0,189.4,4756.0,40.81352441431391
29,Chemical manufacturing,3411,Oklahoma,2016,325,62254,1835037,0.1858818105574983,452.9,19837.0,183.7,8082.0,40.7420476886626
30,Chemical manufacturing,16675,Missouri,2016,325,124148,3093755,0.5389890278965206,455.2,32947.0,175.6,12920.0,39.214496008741314
31,Chemical manufacturing,58,Alaska,2016,325,3239,353728,0.016396779446354263,413.0,2784.0,164.9,977.0,35.093390804597696
32,Chemical manufacturing,1543,Maine,2016,325,31611,690121,0.22358398020057352,475.9,8700.0,174.1,3267.0,37.55172413793104
33,Chemical manufacturing,30514,Pennsylvania,2016,325,317404,6420121,0.4752869922545073,487.0,79060.0,169.0,28658.0,36.24841892233745
34,Chemical manufacturing,13552,Kentucky,2016,325,138085,2012099,0.6735255074427252,520.9,26945.0,197.9,10206.0,37.87715717201707
35,Chemical manufacturing,8293,Maryland,2016,325,62157,3197318,0.2593736375299548,450.5,30444.0,160.3,10674.0,35.061095782420175
36,Chemical manufacturing,2807,Rhode Island,2016,325,12601,552748,0.5078263512486703,477.5,6163.0,164.7,2223.0,36.07009573259776
37,Chemical manufacturing,8184,Kansas,2016,325,70825,1482709,0.5519626575410279,464.5,15171.0,164.2,5497.0,36.23360358578868
38,Chemical manufacturing,9908,Minnesota,2016,325,166155,2977719,0.33273791113264883,463.8,28996.0,153.4,9691.0,33.421851289833086
39,Chemical manufacturing,11164,Iowa,2016,325,91133,1690916,0.6602338614100286,475.2,17806.0,165.6,6479.0,36.38661125463327
40,Chemical manufacturing,36380,North Carolina,2016,325,262235,4901041,0.7422912805667204,466.1,53636.0,166.9,19036.0,35.491088075173394
41,Chemical manufacturing,1694,New Hampshire,2016,325,24944,746996,0.22677497603735497,483.5,8129.0,162.0,2718.0,33.4358469676467
42,Chemical manufacturing,2049,Nevada,2016,325,25744,1427057,0.1435822115024137,392.6,12409.0,162.3,4934.0,39.761463453944714
43,Chemical manufacturing,59818,Illinois,2016,325,335056,6512493,0.9185115438895674,466.2,67683.0,168.5,24531.0,36.243960817339655
44,Chemical manufacturing,25489,Tennessee,2016,325,188053,3156375,0.8075402954338442,462.6,35692.0,184.0,14111.0,39.53547013336322
45,Chemical manufacturing,14664,Virginia,2016,325,147694,4262681,0.34400885264461495,418.7,39078.0,160.8,14686.0,37.58124776088847
46,Chemical manufacturing,4983,Nebraska,2016,325,39252,1008515,0.4940927998096211,451.6,9630.0,159.3,3478.0,36.11630321910696
47,Chemical manufacturing,2324,Wyoming,2016,325,8951,302608,0.7679902712420029,397.3,2638.0,144.7,943.0,35.746777862016685
48,Chemical manufacturing,14059,Wisconsin,2016,325,250012,3108632,0.45225681264298895,466.9,32160.0,162.8,11398.0,35.44154228855722
49,Chemical manufacturing,5159,Colorado,2016,325,53580,2899662,0.1779172882908422,401.4,22701.0,138.9,7520.0,33.126293995859214
