,State,Workers per State,Workforce Percentage,Incidence Rate,Average Annual Count_x,Death Rate,Cancer Death_per_hundred_cancer_patient
0,Alabama,128315,5.881053442580724,451.9,26110.0,179.0,39.571045576407506
1,Alaska,3239,0.9156753211507147,413.0,2784.0,164.9,35.093390804597696
2,Arizona,56602,1.7401484484788228,387.0,30448.0,144.1,37.7955859169732
3,Arkansas,76421,5.757042717722525,467.8,16551.0,185.2,40.015709020602976
4,California,517711,2.697424678478187,404.8,165242.0,145.3,35.455876835187176
5,Colorado,53580,1.847801571355558,401.4,22701.0,138.9,33.126293995859214
6,Connecticut,49562,2.6261227201845627,472.4,20843.0,145.8,31.938780405891666
7,Delaware,15705,3.3409562303887674,498.4,5803.0,169.6,34.275374806134764
8,District of Columbia,840,0.21120386201347682,432.6,2818.0,169.0,38.396025550035475
9,Florida,153757,1.5496515483665299,451.9,121916.0,152.6,35.50395354178286
10,Georgia,208481,4.175038364789825,466.4,49003.0,165.6,33.97751158092362
11,Idaho,28172,0.6265214551078724,440.5,7924.0,154.8,34.84351337708228
12,Illinois,335056,3.496517383296348,466.2,67683.0,168.5,36.243960817339655
13,Indiana,231759,5.144819349517919,457.1,34242.0,178.4,39.17995444191344
14,Iowa,91133,7.033031660614094,475.2,17806.0,165.6,36.38661125463327
15,Kansas,70825,5.389563999630969,464.5,15171.0,164.2,36.23360358578868
16,Kentucky,138085,4.776729621254069,520.9,26945.0,197.9,37.87715717201707
17,Louisiana,107111,6.8627338913244325,480.6,24888.0,183.0,37.55223400835745
18,Maine,31611,5.12596568587805,475.9,8700.0,174.1,37.55172413793104
19,Maryland,62157,4.580501100531646,450.5,30444.0,160.3,35.061095782420175
20,Massachusetts,107215,1.9440355948329193,449.7,36149.0,155.8,35.39516999087112
21,Michigan,260972,2.9882015995790345,449.8,54047.0,170.4,38.34995466908431
22,Minnesota,166155,5.401550017924308,463.8,28996.0,153.4,33.421851289833086
23,Mississippi,60455,5.57994223094926,468.6,15923.0,193.6,40.95961816240658
24,Missouri,124148,4.683779966546089,455.2,32947.0,175.6,39.214496008741314
25,Montana,12495,4.0128581610373155,454.4,5901.0,155.0,34.502626673445185
26,Nebraska,39252,2.402981658874685,451.6,9630.0,159.3,36.11630321910696
27,Nevada,25744,3.892059116621964,392.6,12409.0,162.3,39.761463453944714
28,New Hampshire,24944,1.8039924123563391,483.5,8129.0,162.0,33.4358469676467
29,New Jersey,161424,3.3392414417212404,483.3,50921.0,153.5,32.22049841911981
30,New Mexico,10553,3.574539774461031,374.3,9116.0,144.0,38.54760860026328
31,New York,230548,1.1282311157866827,482.9,111527.0,151.0,31.82278730710949
32,North Carolina,262235,2.4168334249022907,466.1,53636.0,166.9,35.491088075173394
33,North Dakota,8658,5.350597964799723,453.8,3725.0,149.8,34.442953020134226
34,Ohio,364242,2.0249884226233634,461.9,64858.0,177.1,39.03450615190108
35,Oklahoma,62254,6.4196236652000636,452.9,19837.0,183.7,40.7420476886626
36,Oregon,92974,3.392520150819847,429.8,20790.0,162.8,38.15776815776815
37,Pennsylvania,317404,4.526806676618689,487.0,79060.0,169.0,36.24841892233745
38,Rhode Island,12601,4.94389435962344,477.5,6163.0,164.7,36.07009573259776
39,South Carolina,143099,2.279700695434448,457.3,26730.0,171.8,37.19416386083053
40,South Dakota,17941,6.24932855277466,456.0,4514.0,160.5,36.50863978732831
41,Tennessee,188053,3.9723940643252837,462.6,35692.0,184.0,39.53547013336322
42,Texas,450208,5.957878895885312,407.7,107094.0,154.0,36.36338170205614
43,Utah,54867,3.360057831971285,402.8,10143.0,127.0,29.7840875480627
44,Vermont,12215,3.6041462757746348,452.7,3678.0,164.8,36.84067427949972
45,Virginia,147694,3.5524934345035377,418.7,39078.0,160.8,37.58124776088847
46,Washington,97028,3.4648147492153414,451.0,35813.0,157.1,34.269678608326586
47,West Virginia,45957,2.649644654109519,476.0,11653.0,189.4,40.81352441431391
48,Wisconsin,250012,5.9244009467284755,466.9,32160.0,162.8,35.44154228855722
49,Wyoming,8951,8.042508730528413,397.3,2638.0,144.7,35.746777862016685
