,State,Workers per State,Labor Force,Manufacturing Percentage
0,Alabama,128315,2181837,5.881053442580724
1,Alaska,3239,353728,0.9156753211507147
2,Arizona,56602,3252711,1.7401484484788228
3,Arkansas,76421,1327435,5.757042717722525
4,California,517711,19192788,2.697424678478187
5,Colorado,53580,2899662,1.847801571355558
6,Connecticut,49562,1887269,2.6261227201845627
7,Delaware,15705,470075,3.3409562303887674
8,District of Columbia,840,397720,0.21120386201347682
9,Florida,153757,9922037,1.5496515483665299
10,Georgia,208481,4993511,4.175038364789825
11,Hawaii,4383,699577,0.6265214551078724
12,Idaho,28172,805716,3.496517383296348
13,Illinois,335056,6512493,5.144819349517919
14,Indiana,231759,3295293,7.033031660614094
15,Iowa,91133,1690916,5.389563999630969
16,Kansas,70825,1482709,4.776729621254069
17,Kentucky,138085,2012099,6.8627338913244325
18,Louisiana,107111,2089577,5.12596568587805
19,Maine,31611,690121,4.580501100531646
20,Maryland,62157,3197318,1.9440355948329193
21,Massachusetts,107215,3587944,2.9882015995790345
22,Michigan,260972,4831428,5.401550017924308
23,Minnesota,166155,2977719,5.57994223094926
24,Mississippi,60455,1290731,4.683779966546089
25,Missouri,124148,3093755,4.0128581610373155
26,Montana,12495,519979,2.402981658874685
27,Nebraska,39252,1008515,3.892059116621964
28,Nevada,25744,1427057,1.8039924123563391
29,New Hampshire,24944,746996,3.3392414417212404
30,New Jersey,161424,4515938,3.574539774461031
31,New Mexico,10553,935358,1.1282311157866827
32,New York,230548,9539259,2.4168334249022907
33,North Carolina,262235,4901041,5.350597964799723
34,North Dakota,8658,427558,2.0249884226233634
35,Ohio,364242,5673884,6.4196236652000636
36,Oklahoma,62254,1835037,3.392520150819847
37,Oregon,92974,2053854,4.526806676618689
38,Pennsylvania,317404,6420121,4.94389435962344
39,Rhode Island,12601,552748,2.279700695434448
40,South Carolina,143099,2289830,6.24932855277466
41,South Dakota,17941,451642,3.9723940643252837
42,Tennessee,188053,3156375,5.957878895885312
43,Texas,450208,13398817,3.360057831971285
44,Utah,54867,1522330,3.6041462757746348
45,Vermont,12215,343843,3.5524934345035377
46,Virginia,147694,4262681,3.4648147492153414
47,Washington,97028,3661925,2.649644654109519
48,West Virginia,45957,775724,5.9244009467284755
49,Wisconsin,250012,3108632,8.042508730528413
50,Wyoming,8951,302608,2.9579522021889706
